AAAA
15 10 5 
0 0 0 0 0 3 7 0 0 0 0 0 2 0 0 0 0 3 0 0 

BBBB
17 7 10 
0 0 0 0 0 0 0 0 0 7 0 0 0 7 0 3 0 0 0 0 

CCCC
13 8 5 
0 0 0 0 0 0 0 0 3 5 0 0 0 0 0 5 0 0 0 0 

DDDD
24 16 8 
0 0 5 0 0 0 0 3 8 0 0 0 0 1 0 7 0 0 0 0 

EEEE
13 3 10 
0 0 3 0 0 0 0 0 0 0 0 5 5 0 0 0 0 0 0 0 

FFFF
7 2 5 
0 0 0 0 0 0 2 0 0 0 0 0 0 3 0 2 0 0 0 0 

GGGG
13 11 2 
0 0 0 2 0 2 0 7 0 0 0 0 0 0 2 0 0 0 0 0 

HHHH
20 1 19 
0 0 0 0 0 0 1 0 0 0 5 0 0 2 0 0 0 5 2 5 

IIII
21 18 3 
0 3 0 5 2 5 3 0 0 0 0 3 0 0 0 0 0 0 0 0 

JJJJ
5 0 5 
0 0 0 0 0 0 0 0 0 0 0 0 0 0 0 0 5 0 0 0 

KKKK
3 2 1 
0 0 2 0 0 0 0 0 0 0 0 0 0 0 1 0 0 0 0 0 

LLLL
14 6 8 
0 0 0 0 0 0 0 5 0 1 3 0 0 5 0 0 0 0 0 0 

MMMM
12 7 5 
0 0 0 0 0 0 5 0 0 2 0 2 0 0 0 0 0 0 0 3 

NNNN
15 10 5 
0 5 0 0 0 0 0 0 5 0 0 0 0 0 5 0 0 0 0 0 

OOOO
3 0 3 
0 0 0 0 0 0 0 0 0 0 0 0 0 0 0 0 3 0 0 0 

PPPP
6 0 6 
0 0 0 0 0 0 0 0 0 0 0 0 0 0 0 1 0 0 5 0 

QQQQ
2 1 1 
0 0 0 0 0 0 0 1 0 0 0 0 0 0 0 0 0 0 0 1 

RRRR
39 13 26 
0 0 0 3 5 0 0 2 0 3 2 0 0 0 10 0 2 2 3 7 

SSSS
10 8 2 
5 0 0 0 3 0 0 0 0 0 0 0 0 0 0 0 0 0 0 2 

TTTT
12 9 3 
5 2 0 0 0 0 0 0 2 0 0 0 3 0 0 0 0 0 0 0 

