学校名称按照编号排列：
AAAA
BBBB
CCCC
DDDD
EEEE
FFFF
GGGG
HHHH
IIII
JJJJ
KKKK
LLLL
MMMM
NNNN
OOOO
PPPP
QQQQ
RRRR
SSSS
TTTT

项目名称按照编号顺序排列：
男子100米跑
男子200米跑
男子400米跑
男子跳高
男子跳远
男子三级跳
男子4*100接力
男子1500米跑
男子3000米跑
男子5000米跑
女子100米跑
女子200米跑
女子400米跑
女子800米跑
女子1500米跑
女子3000米跑
女子跳高
女子跳远
女子三级跳
女子4*100接力

项目成绩按照项目编号顺序罗列如下：
19 20 20
14 9 20
4 5 11
9 18 7
18 19 9
9 1 7
1 13 9 6 8
7 12 4 18 17
4 14 3 20 4
2 3 18 13 12
8 12 18
5 9 13
5 20 1
2 12 6 8 4
18 14 18 7 11
4 3 2 6 16
10 15 18
8 1 18
16 18 8
18 8 13 19 17

期望结果（按照学校编号顺序由小到大排列）：
学校总分	男子总分	女子总分
15		10		5
17		7		10
13		8		5
24		16		8
13		3		10
7		2		5
13		11		2
20		1		19
21		18		3
5		0		5
3		2		1
14		6		8
12		7		5
15		10		5
3		0		3
6		0		6
2		1		1
39		13		26
10		8		2
12		9		3







